0.00 990.99 786.07 575.44 435.49 239.58 715.48 581.02 267.94 459.59 639.34 434.38 754.26 939.74 119.43 516.71 985.72 588.77 984.29 717.02 482.23 241.65 357.89 256.53 186.80 235.62 716.64 948.66 326.13 538.17 724.65 799.42 909.97 627.94 955.10 462.36 692.93 388.44 340.79 457.35 328.61 571.37 436.91 468.46 525.55 808.08 713.86 103.85 336.87 388.64 759.06 287.99 698.30 321.97 213.49 851.71 374.21 571.47 995.89 582.93 307.75 280.71 607.52 592.00 338.27 982.13 785.80 774.46 865.66 115.29 227.27 988.09 429.79 413.85 345.10
990.99 0.00 459.72 940.63 846.13 520.58 121.45 591.88 652.04 988.69 486.77 788.03 784.90 778.55 956.17 471.90 508.97 139.90 473.22 794.45 173.32 111.04 995.01 791.48 584.98 669.91 870.99 556.82 971.00 935.77 876.01 436.28 613.48 338.64 324.21 630.07 487.23 440.12 223.02 239.39 257.55 659.25 214.49 288.57 138.91 558.76 772.94 802.58 498.98 738.40 215.40 479.66 339.35 335.73 877.38 642.14 798.17 133.88 578.13 379.33 358.73 702.43 805.60 904.53 233.58 423.25 308.19 599.91 480.46 165.82 614.12 305.16 464.26 673.72 197.88
786.07 459.72 0.00 665.58 685.73 206.09 641.79 389.97 324.91 555.94 249.92 797.82 810.56 519.10 753.80 661.16 558.13 900.42 236.44 427.71 607.87 189.33 738.59 830.82 186.87 290.89 632.15 173.23 818.16 730.74 716.28 191.72 246.03 137.21 287.95 558.18 864.94 770.43 936.60 384.27 835.99 652.18 285.75 534.37 155.16 269.88 423.25 331.01 421.65 383.21 802.65 143.40 531.11 562.37 712.79 702.74 828.93 423.93 764.87 524.06 147.55 261.50 675.22 868.91 444.46 979.15 290.57 602.65 468.53 527.66 329.40 395.36 326.05 919.91 824.23
575.44 940.63 665.58 0.00 806.64 279.29 300.37 498.03 311.44 341.27 718.14 954.90 708.61 897.06 707.41 195.27 182.58 519.85 956.31 266.15 562.05 735.95 285.71 752.73 327.43 321.37 988.64 715.99 881.50 942.07 153.45 655.01 251.98 826.33 445.96 401.89 839.50 412.95 607.62 532.28 991.69 302.16 404.36 547.29 535.61 866.04 300.03 495.05 353.91 428.20 281.65 777.49 931.22 665.31 105.54 328.30 913.02 778.33 327.78 962.91 950.90 492.54 812.96 264.04 123.24 836.19 750.73 744.84 535.87 660.38 677.22 773.05 271.62 703.78 419.46
435.49 846.13 685.73 806.64 0.00 825.26 459.03 965.43 559.29 183.46 313.23 878.27 854.14 288.02 398.08 140.07 868.33 375.62 169.91 627.25 515.89 864.91 698.12 273.69 439.21 979.21 525.27 134.87 114.18 633.66 725.70 178.59 695.14 387.88 402.99 971.73 217.97 954.03 751.53 286.72 140.14 705.80 481.63 761.68 180.80 263.83 423.26 685.33 643.60 179.77 231.45 236.23 280.58 639.38 968.56 608.44 596.39 785.05 889.10 958.63 376.89 787.37 322.23 521.62 452.33 129.16 814.64 224.76 370.90 715.46 412.22 461.05 612.03 874.46 197.82
239.58 520.58 206.09 279.29 825.26 0.00 940.91 304.37 522.79 248.13 985.18 112.91 297.43 902.69 986.85 336.57 504.35 136.38 458.56 470.56 496.46 153.97 638.78 375.00 721.55 904.14 612.85 376.30 200.68 487.18 706.92 598.92 767.20 262.23 626.71 604.00 583.10 958.35 933.54 350.02 857.59 337.44 209.15 946.70 919.22 278.20 191.90 490.02 748.50 932.24 681.78 507.04 864.76 352.78 712.55 376.17 650.71 336.78 200.66 492.26 968.63 466.51 100.17 836.92 935.02 619.13 523.87 449.35 849.77 571.30 597.80 423.99 632.78 516.10 333.97
715.48 121.45 641.79 300.37 459.03 940.91 0.00 711.18 540.12 785.04 916.47 948.05 843.64 649.69 662.24 352.15 641.52 931.40 833.47 634.53 207.57 377.43 297.80 601.26 768.51 718.45 765.38 208.80 939.64 802.68 724.14 906.40 700.02 836.26 702.51 471.06 423.30 850.11 961.76 366.83 479.66 853.02 864.11 610.03 955.35 620.52 965.03 376.19 477.20 739.74 500.75 323.10 882.48 151.15 125.27 388.29 242.13 232.48 942.50 762.85 971.36 560.79 385.61 696.30 141.37 718.25 852.09 161.48 821.60 379.58 833.71 562.65 599.44 314.72 188.36
581.02 591.88 389.97 498.03 965.43 304.37 711.18 0.00 692.94 565.71 419.59 137.94 751.98 531.19 242.03 745.34 546.76 798.54 887.79 566.48 147.27 726.65 456.11 869.48 921.14 849.31 672.38 323.55 944.06 937.20 443.03 115.08 639.23 271.68 842.59 481.69 268.63 196.21 712.20 933.15 247.71 849.31 189.80 504.83 749.46 943.04 981.15 461.27 610.26 967.89 632.26 949.70 615.85 482.52 633.09 661.40 928.90 939.20 441.23 887.64 959.84 303.72 835.96 640.46 245.97 337.11 283.28 181.83 946.29 636.31 146.03 140.15 310.22 105.78 262.17
267.94 652.04 324.91 311.44 559.29 522.79 540.12 692.94 0.00 107.27 827.96 488.50 811.34 767.34 395.70 535.42 854.44 764.83 300.72 546.47 676.97 524.57 870.44 733.16 254.67 551.13 759.41 155.54 762.25 792.35 519.74 338.32 489.78 240.10 880.98 219.87 182.09 734.88 633.06 317.97 729.56 611.85 627.84 866.40 132.18 664.13 765.90 530.69 594.18 534.19 818.49 337.01 339.43 719.36 535.54 518.84 568.26 471.92 557.61 684.00 155.63 719.32 206.48 711.97 658.10 542.94 944.18 616.19 493.61 792.21 219.27 478.02 473.86 217.18 323.55
459.59 988.69 555.94 341.27 183.46 248.13 785.04 565.71 107.27 0.00 317.49 864.71 353.51 205.04 839.77 882.04 566.86 299.86 566.92 369.62 240.56 964.41 778.02 157.05 377.19 577.36 582.04 106.57 590.61 883.73 461.19 441.52 832.84 338.19 466.92 106.68 401.68 343.15 513.51 189.51 732.83 153.32 328.62 467.08 115.10 491.18 135.87 560.43 190.15 634.74 344.74 765.35 306.87 246.80 323.24 486.76 967.66 506.55 953.87 322.71 596.17 737.04 928.37 858.44 162.71 618.44 558.72 193.66 527.00 182.71 225.19 772.35 849.45 686.05 173.73
639.34 486.77 249.92 718.14 313.23 985.18 916.47 419.59 827.96 317.49 0.00 843.03 450.25 120.20 601.94 301.07 205.32 341.88 660.42 894.77 280.96 517.36 350.94 840.00 499.02 566.83 936.08 268.60 440.10 190.81 337.49 514.45 636.21 763.93 295.01 469.42 267.96 324.17 542.23 615.09 407.94 732.36 155.80 923.11 292.56 273.01 714.02 658.11 804.16 760.76 168.93 904.67 895.03 421.11 638.35 522.18 964.01 438.48 430.23 731.32 664.68 288.89 787.22 863.29 305.89 353.22 552.90 862.80 794.66 346.51 263.64 464.37 329.57 948.81 886.32
434.38 788.03 797.82 954.90 878.27 112.91 948.05 137.94 488.50 864.71 843.03 0.00 430.69 278.68 501.72 840.43 507.20 873.74 872.88 705.66 361.49 525.11 923.52 339.93 169.20 757.19 953.48 108.86 839.39 694.43 155.97 318.78 483.32 566.00 881.08 481.68 233.96 829.03 656.76 435.67 920.11 624.23 873.52 395.73 312.56 498.28 462.90 590.48 854.38 169.92 226.27 216.68 457.24 135.59 234.52 550.50 229.37 466.47 443.11 841.77 641.86 555.46 325.04 482.90 395.52 929.85 837.82 232.66 810.94 242.00 412.83 945.46 880.22 362.03 261.73
754.26 784.90 810.56 708.61 854.14 297.43 843.64 751.98 811.34 353.51 450.25 430.69 0.00 480.28 768.77 941.73 986.35 870.81 318.12 841.36 747.01 673.38 760.63 766.90 345.84 998.86 493.82 662.46 535.24 132.64 394.97 437.82 708.84 985.37 824.99 997.32 149.54 302.22 131.61 880.07 956.12 804.04 470.83 925.96 629.19 868.00 745.46 622.53 759.63 299.50 221.48 475.10 987.32 205.34 604.61 953.02 785.29 442.63 620.18 260.52 408.02 851.22 985.85 930.25 297.66 501.13 772.86 726.81 744.40 996.46 311.62 742.05 831.99 943.25 941.45
939.74 778.55 519.10 897.06 288.02 902.69 649.69 531.19 767.34 205.04 120.20 278.68 480.28 0.00 473.88 666.05 251.26 529.94 519.32 673.68 836.67 963.72 394.40 979.59 362.76 534.26 348.33 607.99 959.87 104.90 872.28 990.78 688.97 588.33 705.41 820.86 775.78 868.73 800.11 525.31 963.22 624.13 395.97 566.12 213.39 809.51 158.05 181.38 692.71 304.46 828.20 523.48 353.36 348.34 851.56 341.41 535.47 123.92 381.24 985.81 585.89 382.10 891.57 650.38 626.50 666.58 110.15 828.03 254.26 222.31 215.38 162.33 717.94 690.52 742.33
119.43 956.17 753.80 707.41 398.08 986.85 662.24 242.03 395.70 839.77 601.94 501.72 768.77 473.88 0.00 651.50 931.54 167.50 492.75 804.48 556.91 903.39 100.81 222.14 794.41 749.45 357.46 459.55 998.08 468.20 289.27 516.18 471.94 772.48 968.41 681.89 297.72 769.09 995.41 439.75 778.56 986.79 193.16 312.67 200.93 568.90 496.07 194.75 777.51 508.97 592.25 709.69 123.71 571.63 226.44 508.75 981.79 760.74 330.50 917.73 331.39 231.55 658.29 216.70 602.15 346.40 821.53 856.00 914.85 245.02 682.21 670.62 399.71 188.73 106.27
516.71 471.90 661.16 195.27 140.07 336.57 352.15 745.34 535.42 882.04 301.07 840.43 941.73 666.05 651.50 0.00 941.23 699.94 203.49 228.40 515.44 595.18 675.07 382.52 810.54 746.57 446.67 106.42 622.80 760.65 957.49 518.03 650.85 773.77 638.10 966.56 357.04 264.57 922.92 127.05 181.74 184.78 789.98 469.25 827.07 252.81 499.71 731.39 398.61 637.91 827.55 826.16 790.34 597.69 540.18 868.76 194.29 639.67 821.16 293.44 293.92 371.31 121.09 548.52 696.61 510.99 500.81 301.19 475.63 616.38 919.45 457.48 453.05 363.46 994.44
985.72 508.97 558.13 182.58 868.33 504.35 641.52 546.76 854.44 566.86 205.32 507.20 986.35 251.26 931.54 941.23 0.00 805.21 450.17 799.15 933.53 491.38 388.65 892.69 383.62 109.82 843.53 481.91 826.76 717.73 943.07 135.07 843.09 273.54 390.72 350.25 440.06 657.77 367.76 259.48 423.94 963.37 453.77 576.37 261.20 723.86 516.64 594.76 756.00 953.84 756.99 368.79 365.20 164.87 393.77 526.00 644.68 689.02 217.83 525.84 812.13 133.69 219.77 845.70 836.31 896.59 461.91 866.16 354.98 922.79 724.72 689.73 482.00 850.11 904.77
588.77 139.90 900.42 519.85 375.62 136.38 931.40 798.54 764.83 299.86 341.88 873.74 870.81 529.94 167.50 699.94 805.21 0.00 554.66 743.95 451.40 252.20 171.00 486.21 769.77 647.87 913.57 667.08 539.52 794.86 868.95 376.32 790.35 567.19 261.54 899.28 714.42 225.51 123.28 138.04 901.60 381.57 815.03 686.74 570.35 842.18 478.78 474.10 392.56 346.18 537.61 419.12 518.67 275.97 549.44 866.59 669.06 413.48 954.90 555.60 267.93 603.44 328.53 948.03 341.39 470.21 141.10 779.06 149.97 934.45 742.04 516.59 686.74 134.34 127.11
984.29 473.22 236.44 956.31 169.91 458.56 833.47 887.79 300.72 566.92 660.42 872.88 318.12 519.32 492.75 203.49 450.17 554.66 0.00 289.62 894.34 340.11 374.23 730.36 271.63 710.45 475.89 749.62 898.22 146.53 967.13 691.32 621.47 690.27 590.53 911.64 312.27 103.10 345.59 926.80 360.39 415.36 260.00 342.33 826.57 641.23 581.82 620.16 214.80 555.21 660.68 371.75 163.78 300.70 462.42 438.42 732.59 212.01 173.52 780.10 679.77 458.25 517.92 983.32 462.47 831.37 668.30 499.88 259.43 455.50 531.68 756.45 577.23 697.51 725.69
717.02 794.45 427.71 266.15 627.25 470.56 634.53 566.48 546.47 369.62 894.77 705.66 841.36 673.68 804.48 228.40 799.15 743.95 289.62 0.00 910.38 328.43 530.46 622.82 366.24 312.81 769.62 727.70 832.25 526.92 677.16 802.19 596.26 961.11 626.66 931.16 952.79 472.77 316.47 160.65 714.18 219.93 159.11 676.64 666.51 471.80 742.95 448.87 910.19 776.31 543.41 831.70 294.83 620.55 725.19 114.21 649.28 186.28 281.03 174.04 674.54 117.89 472.18 470.43 391.06 635.64 281.08 197.40 258.78 130.11 186.03 573.91 742.70 308.98 839.56
482.23 173.32 607.87 562.05 515.89 496.46 207.57 147.27 676.97 240.56 280.96 361.49 747.01 836.67 556.91 515.44 933.53 451.40 894.34 910.38 0.00 705.68 553.17 496.76 913.33 647.57 691.92 805.21 407.49 807.24 970.29 898.95 381.08 177.62 921.40 824.29 264.78 872.70 435.31 727.80 881.62 316.03 790.03 713.04 589.25 558.69 945.31 545.84 538.42 877.94 221.10 855.67 253.79 581.49 412.89 409.45 590.89 137.57 690.27 354.35 845.65 303.16 615.08 200.79 783.12 605.50 365.79 346.99 188.70 290.48 758.56 159.54 986.50 276.71 738.71
241.65 111.04 189.33 735.95 864.91 153.97 377.43 726.65 524.57 964.41 517.36 525.11 673.38 963.72 903.39 595.18 491.38 252.20 340.11 328.43 705.68 0.00 861.25 818.80 425.31 132.97 635.14 123.19 302.26 764.03 624.09 572.53 733.09 299.97 576.81 919.97 458.20 189.35 397.96 995.32 727.46 228.30 404.45 230.16 175.55 689.78 618.01 605.03 768.49 200.18 169.04 371.09 667.51 903.98 571.76 958.96 203.42 526.47 240.71 803.00 131.52 554.53 799.44 686.99 984.74 992.65 333.82 803.93 285.59 803.66 245.79 201.08 500.21 791.88 359.69
357.89 995.01 738.59 285.71 698.12 638.78 297.80 456.11 870.44 778.02 350.94 923.52 760.63 394.40 100.81 675.07 388.65 171.00 374.23 530.46 553.17 861.25 0.00 324.79 556.78 471.87 493.96 940.88 637.43 786.94 462.10 235.36 737.49 413.63 226.21 608.02 924.82 523.67 992.23 191.40 666.18 278.20 866.97 503.02 870.83 395.85 701.55 640.68 440.76 988.77 201.41 694.66 660.71 645.11 850.39 656.28 377.37 634.24 662.76 842.27 243.22 732.29 798.47 273.99 752.36 771.68 465.69 162.97 269.68 123.01 137.54 353.93 781.18 135.85 475.09
256.53 791.48 830.82 752.73 273.69 375.00 601.26 869.48 733.16 157.05 840.00 339.93 766.90 979.59 222.14 382.52 892.69 486.21 730.36 622.82 496.76 818.80 324.79 0.00 182.66 967.61 886.30 370.41 851.60 390.60 321.65 429.75 621.27 629.84 923.13 507.89 535.84 606.74 952.33 818.62 880.57 449.09 644.84 150.56 917.23 401.31 207.36 419.44 262.19 971.55 443.91 663.96 377.55 891.08 297.15 678.30 452.80 202.65 701.57 291.94 971.11 625.40 419.58 387.49 965.22 876.63 786.21 415.68 847.55 766.17 976.93 951.12 299.02 498.35 436.39
186.80 584.98 186.87 327.43 439.21 721.55 768.51 921.14 254.67 377.19 499.02 169.20 345.84 362.76 794.41 810.54 383.62 769.77 271.63 366.24 913.33 425.31 556.78 182.66 0.00 905.42 778.34 677.84 854.15 524.85 191.89 756.32 602.89 100.51 665.24 365.59 762.42 514.70 528.21 433.70 743.86 625.04 165.91 151.56 174.15 862.95 398.13 988.52 424.74 159.67 962.13 271.89 794.68 557.88 926.65 705.82 424.37 809.22 515.79 490.68 966.12 969.63 692.39 587.35 158.10 275.35 856.99 129.33 231.45 775.01 444.05 285.17 490.14 490.74 149.71
235.62 669.91 290.89 321.37 979.21 904.14 718.45 849.31 551.13 577.36 566.83 757.19 998.86 534.26 749.45 746.57 109.82 647.87 710.45 312.81 647.57 132.97 471.87 967.61 905.42 0.00 207.48 738.27 948.19 764.08 102.71 414.23 492.17 491.05 467.15 328.01 491.45 316.11 826.84 405.25 705.04 479.17 162.49 994.43 696.53 101.35 272.58 403.97 560.82 410.37 674.22 377.08 337.12 139.79 225.33 611.70 682.04 794.80 662.66 540.33 439.14 113.00 590.90 870.75 583.85 954.13 715.48 605.22 552.34 253.45 240.84 176.94 266.06 196.00 728.90
716.64 870.99 632.15 988.64 525.27 612.85 765.38 672.38 759.41 582.04 936.08 953.48 493.82 348.33 357.46 446.67 843.53 913.57 475.89 769.62 691.92 635.14 493.96 886.30 778.34 207.48 0.00 697.64 929.15 846.68 941.72 272.03 539.19 180.49 889.03 550.25 766.55 115.58 556.00 102.31 238.17 498.33 674.89 751.08 605.01 134.71 989.52 917.04 793.04 251.74 849.66 546.90 520.51 750.57 778.92 147.21 832.15 258.46 543.89 694.19 519.95 474.78 224.79 161.75 759.16 410.69 162.01 306.22 386.02 317.55 780.61 540.15 412.85 607.58 488.53
948.66 556.82 173.23 715.99 134.87 376.30 208.80 323.55 155.54 106.57 268.60 108.86 662.46 607.99 459.55 106.42 481.91 667.08 749.62 727.70 805.21 123.19 940.88 370.41 677.84 738.27 697.64 0.00 846.68 768.46 959.47 561.25 976.77 706.46 685.05 381.50 477.65 463.39 243.69 281.76 837.34 761.17 581.27 724.80 884.37 767.19 219.28 759.70 446.71 941.36 240.29 653.96 462.57 715.32 457.67 100.56 224.31 965.03 449.32 423.82 904.24 740.81 207.97 918.77 257.89 989.85 380.42 947.69 412.01 992.96 345.93 670.38 548.88 431.50 276.86
326.13 971.00 818.16 881.50 114.18 200.68 939.64 944.06 762.25 590.61 440.10 839.39 535.24 959.87 998.08 622.80 826.76 539.52 898.22 832.25 407.49 302.26 637.43 851.60 854.15 948.19 929.15 846.68 0.00 694.44 822.57 206.89 773.47 117.26 335.95 642.85 346.12 739.61 162.97 698.81 523.83 420.34 472.66 429.41 355.20 870.55 297.61 846.85 664.82 399.59 551.47 197.21 546.89 943.64 568.59 461.03 964.03 452.94 441.07 606.53 807.34 691.30 823.29 633.76 572.61 260.11 450.42 274.78 526.38 254.87 438.39 599.06 877.41 796.54 280.88
538.17 935.77 730.74 942.07 633.66 487.18 802.68 937.20 792.35 883.73 190.81 694.43 132.64 104.90 468.20 760.65 717.73 794.86 146.53 526.92 807.24 764.03 786.94 390.60 524.85 764.08 846.68 768.46 694.44 0.00 523.05 857.83 742.26 990.09 851.37 629.78 227.76 273.99 882.69 362.96 528.17 889.45 875.87 757.46 905.62 872.63 941.26 104.29 335.92 103.65 522.94 750.20 878.50 823.56 448.86 921.49 141.13 353.48 282.62 104.12 133.85 693.18 158.74 162.52 812.17 731.96 983.42 259.79 427.31 950.66 989.40 316.53 531.47 455.21 764.41
724.65 876.01 716.28 153.45 725.70 706.92 724.14 443.03 519.74 461.19 337.49 155.97 394.97 872.28 289.27 957.49 943.07 868.95 967.13 677.16 970.29 624.09 462.10 321.65 191.89 102.71 941.72 959.47 822.57 523.05 0.00 668.52 979.17 406.78 572.11 941.35 602.64 981.22 848.22 838.50 535.43 470.81 523.74 208.87 615.60 453.84 424.41 409.45 476.45 533.40 586.32 863.58 331.90 290.95 882.57 429.05 253.43 208.72 445.70 518.97 794.40 721.57 709.12 221.41 746.11 326.48 798.93 265.29 439.72 515.50 546.69 211.34 733.21 824.65 323.17
799.42 436.28 191.72 655.01 178.59 598.92 906.40 115.08 338.32 441.52 514.45 318.78 437.82 990.78 516.18 518.03 135.07 376.32 691.32 802.19 898.95 572.53 235.36 429.75 756.32 414.23 272.03 561.25 206.89 857.83 668.52 0.00 849.91 637.50 363.00 643.84 939.15 227.23 896.57 200.40 138.61 682.47 617.14 279.72 845.66 363.04 739.20 921.21 750.96 385.10 314.92 154.75 194.34 295.36 495.70 415.45 410.60 672.68 556.78 181.48 265.85 684.51 448.49 350.49 266.35 500.68 760.85 830.05 525.42 822.52 716.98 914.94 101.46 183.56 112.72
909.97 613.48 246.03 251.98 695.14 767.20 700.02 639.23 489.78 832.84 636.21 483.32 708.84 688.97 471.94 650.85 843.09 790.35 621.47 596.26 381.08 733.09 737.49 621.27 602.89 492.17 539.19 976.77 773.47 742.26 979.17 849.91 0.00 406.62 373.73 576.65 325.06 493.40 982.52 845.43 908.08 237.29 142.64 738.31 950.40 836.65 754.58 174.74 935.39 303.58 721.21 346.70 105.79 449.54 113.78 277.32 574.74 217.29 292.89 126.11 658.15 108.10 486.45 910.40 632.38 816.76 260.60 900.06 221.85 806.59 263.82 709.82 970.59 689.27 404.14
627.94 338.64 137.21 826.33 387.88 262.23 836.26 271.68 240.10 338.19 763.93 566.00 985.37 588.33 772.48 773.77 273.54 567.19 690.27 961.11 177.62 299.97 413.63 629.84 100.51 491.05 180.49 706.46 117.26 990.09 406.78 637.50 406.62 0.00 674.32 892.37 627.93 972.46 872.73 179.26 928.94 324.34 690.73 303.26 582.57 354.13 428.58 293.80 801.03 967.86 648.60 521.68 903.42 422.67 846.25 306.69 325.42 193.60 722.47 550.70 962.18 347.22 683.61 214.10 966.22 470.95 937.95 673.78 994.90 247.93 409.45 331.76 633.13 519.35 314.10
955.10 324.21 287.95 445.96 402.99 626.71 702.51 842.59 880.98 466.92 295.01 881.08 824.99 705.41 968.41 638.10 390.72 261.54 590.53 626.66 921.40 576.81 226.21 923.13 665.24 467.15 889.03 685.05 335.95 851.37 572.11 363.00 373.73 674.32 0.00 988.08 515.54 857.83 430.00 887.51 201.47 377.08 812.23 310.52 175.63 338.00 645.77 179.97 856.79 990.06 154.39 815.11 559.13 917.43 821.23 876.72 676.31 110.25 904.59 188.15 600.13 252.79 379.33 510.75 762.64 399.27 967.74 308.04 660.94 634.77 787.62 378.42 236.76 832.92 588.57
462.36 630.07 558.18 401.89 971.73 604.00 471.06 481.69 219.87 106.68 469.42 481.68 997.32 820.86 681.89 966.56 350.25 899.28 911.64 931.16 824.29 919.97 608.02 507.89 365.59 328.01 550.25 381.50 642.85 629.78 941.35 643.84 576.65 892.37 988.08 0.00 433.11 600.40 154.80 671.58 244.06 129.06 871.36 385.03 246.87 722.73 110.20 998.57 232.35 850.22 380.19 579.40 410.30 322.44 207.11 302.03 534.97 104.40 268.38 663.42 602.27 442.98 868.94 636.02 572.41 751.25 444.82 223.56 261.46 820.09 890.89 303.00 291.27 676.21 187.92
692.93 487.23 864.94 839.50 217.97 583.10 423.30 268.63 182.09 401.68 267.96 233.96 149.54 775.78 297.72 357.04 440.06 714.42 312.27 952.79 264.78 458.20 924.82 535.84 762.42 491.45 766.55 477.65 346.12 227.76 602.64 939.15 325.06 627.93 515.54 433.11 0.00 292.20 112.66 605.48 510.25 101.31 848.72 332.10 321.45 694.93 816.91 842.17 794.22 172.53 263.66 145.34 140.14 787.72 525.28 740.63 539.59 928.76 922.43 741.08 210.46 896.78 164.16 579.83 659.65 181.23 545.69 940.44 450.07 615.06 973.42 196.30 766.95 557.92 894.91
388.44 440.12 770.43 412.95 954.03 958.35 850.11 196.21 734.88 343.15 324.17 829.03 302.22 868.73 769.09 264.57 657.77 225.51 103.10 472.77 872.70 189.35 523.67 606.74 514.70 316.11 115.58 463.39 739.61 273.99 981.22 227.23 493.40 972.46 857.83 600.40 292.20 0.00 139.84 997.81 934.29 888.08 745.46 466.94 567.85 203.44 720.70 832.04 701.20 847.14 828.00 591.30 783.59 254.21 129.81 781.04 840.94 110.48 664.08 762.38 200.43 274.98 666.65 388.84 200.75 790.31 891.12 443.88 108.82 116.57 774.84 115.51 855.66 290.24 728.31
340.79 223.02 936.60 607.62 751.53 933.54 961.76 712.20 633.06 513.51 542.23 656.76 131.61 800.11 995.41 922.92 367.76 123.28 345.59 316.47 435.31 397.96 992.23 952.33 528.21 826.84 556.00 243.69 162.97 882.69 848.22 896.57 982.52 872.73 430.00 154.80 112.66 139.84 0.00 669.00 831.53 783.54 472.62 326.51 891.75 112.82 740.07 373.38 811.13 403.32 160.10 939.14 231.47 638.71 564.19 494.60 163.42 547.44 101.17 768.65 591.30 792.30 816.05 635.59 166.73 716.50 995.40 577.60 413.89 780.45 516.50 425.21 313.59 558.68 307.42
457.35 239.39 384.27 532.28 286.72 350.02 366.83 933.15 317.97 189.51 615.09 435.67 880.07 525.31 439.75 127.05 259.48 138.04 926.80 160.65 727.80 995.32 191.40 818.62 433.70 405.25 102.31 281.76 698.81 362.96 838.50 200.40 845.43 179.26 887.51 671.58 605.48 997.81 669.00 0.00 679.49 717.24 397.14 205.62 627.63 938.16 816.88 303.02 939.37 900.81 897.66 941.24 474.45 927.08 197.62 141.25 502.62 321.56 459.09 837.73 770.24 755.17 686.53 298.42 902.97 656.90 281.13 752.41 117.16 422.30 193.21 775.55 358.52 920.98 472.64
328.61 257.55 835.99 991.69 140.14 857.59 479.66 247.71 729.56 732.83 407.94 920.11 956.12 963.22 778.56 181.74 423.94 901.60 360.39 714.18 881.62 727.46 666.18 880.57 743.86 705.04 238.17 837.34 523.83 528.17 535.43 138.61 908.08 928.94 201.47 244.06 510.25 934.29 831.53 679.49 0.00 854.89 453.29 745.68 964.81 266.98 811.81 477.86 244.29 495.55 919.43 711.07 516.47 549.43 319.76 270.02 196.48 486.12 977.50 563.82 779.05 337.48 760.63 154.19 483.65 853.42 635.48 181.95 711.39 743.04 163.96 886.34 684.82 109.30 899.06
571.37 659.25 652.18 302.16 705.80 337.44 853.02 849.31 611.85 153.32 732.36 624.23 804.04 624.13 986.79 184.78 963.37 381.57 415.36 219.93 316.03 228.30 278.20 449.09 625.04 479.17 498.33 761.17 420.34 889.45 470.81 682.47 237.29 324.34 377.08 129.06 101.31 888.08 783.54 717.24 854.89 0.00 551.87 107.15 119.53 792.22 151.04 782.34 893.51 112.77 256.02 991.31 422.18 623.18 771.15 327.85 704.23 474.21 865.98 294.21 559.69 987.20 152.68 196.67 468.60 825.99 307.75 551.02 847.42 185.97 861.61 255.30 739.98 849.54 370.34
436.91 214.49 285.75 404.36 481.63 209.15 864.11 189.80 627.84 328.62 155.80 873.52 470.83 395.97 193.16 789.98 453.77 815.03 260.00 159.11 790.03 404.45 866.97 644.84 165.91 162.49 674.89 581.27 472.66 875.87 523.74 617.14 142.64 690.73 812.23 871.36 848.72 745.46 472.62 397.14 453.29 551.87 0.00 976.66 716.00 477.97 957.85 366.67 710.08 551.93 200.59 796.83 463.51 645.08 344.90 226.01 607.69 171.97 400.73 516.35 567.12 102.14 195.62 664.49 124.95 502.19 869.58 890.61 394.48 837.07 709.44 169.98 745.81 996.97 206.28
468.46 288.57 534.37 547.29 761.68 946.70 610.03 504.83 866.40 467.08 923.11 395.73 925.96 566.12 312.67 469.25 576.37 686.74 342.33 676.64 713.04 230.16 503.02 150.56 151.56 994.43 751.08 724.80 429.41 757.46 208.87 279.72 738.31 303.26 310.52 385.03 332.10 466.94 326.51 205.62 745.68 107.15 976.66 0.00 545.72 523.96 991.69 687.96 187.36 435.36 854.05 385.53 396.31 561.58 464.18 954.40 103.44 143.15 259.30 396.59 665.95 138.49 781.84 685.28 131.69 736.61 261.46 348.25 707.64 325.30 600.85 190.56 331.56 583.01 289.89
525.55 138.91 155.16 535.61 180.80 919.22 955.35 749.46 132.18 115.10 292.56 312.56 629.19 213.39 200.93 827.07 261.20 570.35 826.57 666.51 589.25 175.55 870.83 917.23 174.15 696.53 605.01 884.37 355.20 905.62 615.60 845.66 950.40 582.57 175.63 246.87 321.45 567.85 891.75 627.63 964.81 119.53 716.00 545.72 0.00 243.91 871.96 775.42 906.34 310.98 818.96 633.23 807.48 785.14 591.58 948.33 700.31 605.95 323.19 914.72 223.58 966.83 593.01 457.60 685.73 278.72 644.18 132.29 419.47 967.80 759.64 133.10 990.03 179.91 464.51
808.08 558.76 269.88 866.04 263.83 278.20 620.52 943.04 664.13 491.18 273.01 498.28 868.00 809.51 568.90 252.81 723.86 842.18 641.23 471.80 558.69 689.78 395.85 401.31 862.95 101.35 134.71 767.19 870.55 872.63 453.84 363.04 836.65 354.13 338.00 722.73 694.93 203.44 112.82 938.16 266.98 792.22 477.97 523.96 243.91 0.00 874.42 495.71 348.55 863.94 742.56 369.05 973.07 741.55 640.72 226.21 364.33 108.40 241.55 247.14 369.31 517.23 694.80 974.30 741.25 748.12 246.63 299.11 860.22 474.92 253.22 451.68 843.97 681.49 848.08
713.86 772.94 423.25 300.03 423.26 191.90 965.03 981.15 765.90 135.87 714.02 462.90 745.46 158.05 496.07 499.71 516.64 478.78 581.82 742.95 945.31 618.01 701.55 207.36 398.13 272.58 989.52 219.28 297.61 941.26 424.41 739.20 754.58 428.58 645.77 110.20 816.91 720.70 740.07 816.88 811.81 151.04 957.85 991.69 871.96 874.42 0.00 767.41 561.53 166.78 981.75 807.60 232.13 732.15 821.04 722.17 142.18 166.91 597.83 934.84 480.96 561.97 831.53 817.41 704.54 170.99 349.69 846.29 729.10 134.67 627.79 654.77 765.10 795.18 477.46
103.85 802.58 331.01 495.05 685.33 490.02 376.19 461.27 530.69 560.43 658.11 590.48 622.53 181.38 194.75 731.39 594.76 474.10 620.16 448.87 545.84 605.03 640.68 419.44 988.52 403.97 917.04 759.70 846.85 104.29 409.45 921.21 174.74 293.80 179.97 998.57 842.17 832.04 373.38 303.02 477.86 782.34 366.67 687.96 775.42 495.71 767.41 0.00 279.98 285.40 164.71 359.64 939.87 478.78 402.15 411.29 372.93 728.58 937.98 880.30 604.64 116.00 435.13 103.30 654.81 513.82 104.90 781.33 496.88 120.20 737.37 480.92 625.96 678.80 632.21
336.87 498.98 421.65 353.91 643.60 748.50 477.20 610.26 594.18 190.15 804.16 854.38 759.63 692.71 777.51 398.61 756.00 392.56 214.80 910.19 538.42 768.49 440.76 262.19 424.74 560.82 793.04 446.71 664.82 335.92 476.45 750.96 935.39 801.03 856.79 232.35 794.22 701.20 811.13 939.37 244.29 893.51 710.08 187.36 906.34 348.55 561.53 279.98 0.00 973.99 959.54 453.54 600.05 832.76 796.49 816.06 376.53 497.00 132.36 566.24 133.62 168.10 738.99 417.49 159.52 809.01 694.95 803.12 462.20 808.31 634.53 582.00 435.34 209.59 122.86
388.64 738.40 383.21 428.20 179.77 932.24 739.74 967.89 534.19 634.74 760.76 169.92 299.50 304.46 508.97 637.91 953.84 346.18 555.21 776.31 877.94 200.18 988.77 971.55 159.67 410.37 251.74 941.36 399.59 103.65 533.40 385.10 303.58 967.86 990.06 850.22 172.53 847.14 403.32 900.81 495.55 112.77 551.93 435.36 310.98 863.94 166.78 285.40 973.99 0.00 992.12 307.68 168.47 517.94 176.99 923.70 135.50 409.53 172.71 327.83 506.28 134.19 795.58 355.95 381.06 357.24 267.41 148.22 550.31 991.62 452.83 625.37 842.70 301.10 661.89
759.06 215.40 802.65 281.65 231.45 681.78 500.75 632.26 818.49 344.74 168.93 226.27 221.48 828.20 592.25 827.55 756.99 537.61 660.68 543.41 221.10 169.04 201.41 443.91 962.13 674.22 849.66 240.29 551.47 522.94 586.32 314.92 721.21 648.60 154.39 380.19 263.66 828.00 160.10 897.66 919.43 256.02 200.59 854.05 818.96 742.56 981.75 164.71 959.54 992.12 0.00 408.92 235.46 332.56 798.13 608.88 254.77 132.89 363.94 823.67 522.73 907.01 788.63 615.14 121.52 173.96 791.72 591.84 442.75 154.70 720.92 388.75 693.47 369.71 127.28
287.99 479.66 143.40 777.49 236.23 507.04 323.10 949.70 337.01 765.35 904.67 216.68 475.10 523.48 709.69 826.16 368.79 419.12 371.75 831.70 855.67 371.09 694.66 663.96 271.89 377.08 546.90 653.96 197.21 750.20 863.58 154.75 346.70 521.68 815.11 579.40 145.34 591.30 939.14 941.24 711.07 991.31 796.83 385.53 633.23 369.05 807.60 359.64 453.54 307.68 408.92 0.00 727.40 309.52 360.44 585.20 765.15 593.40 141.65 935.68 636.41 865.07 501.77 811.39 214.05 313.15 139.93 923.00 297.05 573.17 356.51 324.35 642.45 931.06 245.45
698.30 339.35 531.11 931.22 280.58 864.76 882.48 615.85 339.43 306.87 895.03 457.24 987.32 353.36 123.71 790.34 365.20 518.67 163.78 294.83 253.79 667.51 660.71 377.55 794.68 337.12 520.51 462.57 546.89 878.50 331.90 194.34 105.79 903.42 559.13 410.30 140.14 783.59 231.47 474.45 516.47 422.18 463.51 396.31 807.48 973.07 232.13 939.87 600.05 168.47 235.46 727.40 0.00 285.42 870.29 565.23 441.08 109.95 295.49 515.61 630.91 386.66 522.53 813.39 979.10 565.77 338.13 117.54 594.76 521.45 337.84 775.31 602.85 326.51 460.55
321.97 335.73 562.37 665.31 639.38 352.78 151.15 482.52 719.36 246.80 421.11 135.59 205.34 348.34 571.63 597.69 164.87 275.97 300.70 620.55 581.49 903.98 645.11 891.08 557.88 139.79 750.57 715.32 943.64 823.56 290.95 295.36 449.54 422.67 917.43 322.44 787.72 254.21 638.71 927.08 549.43 623.18 645.08 561.58 785.14 741.55 732.15 478.78 832.76 517.94 332.56 309.52 285.42 0.00 359.14 348.57 252.39 583.93 286.61 972.43 912.24 536.85 915.44 490.34 199.51 391.54 212.87 116.88 571.43 192.49 227.88 892.51 883.47 537.96 496.83
213.49 877.38 712.79 105.54 968.56 712.55 125.27 633.09 535.54 323.24 638.35 234.52 604.61 851.56 226.44 540.18 393.77 549.44 462.42 725.19 412.89 571.76 850.39 297.15 926.65 225.33 778.92 457.67 568.59 448.86 882.57 495.70 113.78 846.25 821.23 207.11 525.28 129.81 564.19 197.62 319.76 771.15 344.90 464.18 591.58 640.72 821.04 402.15 796.49 176.99 798.13 360.44 870.29 359.14 0.00 508.97 660.70 197.01 570.36 688.19 485.68 205.59 637.83 412.40 685.49 756.05 545.95 279.70 843.95 900.71 462.39 932.26 164.33 660.55 115.04
851.71 642.14 702.74 328.30 608.44 376.17 388.29 661.40 518.84 486.76 522.18 550.50 953.02 341.41 508.75 868.76 526.00 866.59 438.42 114.21 409.45 958.96 656.28 678.30 705.82 611.70 147.21 100.56 461.03 921.49 429.05 415.45 277.32 306.69 876.72 302.03 740.63 781.04 494.60 141.25 270.02 327.85 226.01 954.40 948.33 226.21 722.17 411.29 816.06 923.70 608.88 585.20 565.23 348.57 508.97 0.00 758.66 405.11 123.67 804.84 822.86 503.68 493.71 104.31 990.84 261.54 984.32 946.38 957.84 279.66 126.57 353.24 853.96 612.31 537.56
374.21 798.17 828.93 913.02 596.39 650.71 242.13 928.90 568.26 967.66 964.01 229.37 785.29 535.47 981.79 194.29 644.68 669.06 732.59 649.28 590.89 203.42 377.37 452.80 424.37 682.04 832.15 224.31 964.03 141.13 253.43 410.60 574.74 325.42 676.31 534.97 539.59 840.94 163.42 502.62 196.48 704.23 607.69 103.44 700.31 364.33 142.18 372.93 376.53 135.50 254.77 765.15 441.08 252.39 660.70 758.66 0.00 242.39 277.70 823.43 284.84 694.36 688.92 264.68 395.97 685.08 665.75 493.05 539.20 210.92 233.61 505.34 728.18 449.97 176.47
571.47 133.88 423.93 778.33 785.05 336.78 232.48 939.20 471.92 506.55 438.48 466.47 442.63 123.92 760.74 639.67 689.02 413.48 212.01 186.28 137.57 526.47 634.24 202.65 809.22 794.80 258.46 965.03 452.94 353.48 208.72 672.68 217.29 193.60 110.25 104.40 928.76 110.48 547.44 321.56 486.12 474.21 171.97 143.15 605.95 108.40 166.91 728.58 497.00 409.53 132.89 593.40 109.95 583.93 197.01 405.11 242.39 0.00 615.40 876.77 774.75 499.98 958.45 261.77 487.34 444.94 786.79 295.57 933.57 778.58 990.94 421.94 860.13 672.41 138.88
995.89 578.13 764.87 327.78 889.10 200.66 942.50 441.23 557.61 953.87 430.23 443.11 620.18 381.24 330.50 821.16 217.83 954.90 173.52 281.03 690.27 240.71 662.76 701.57 515.79 662.66 543.89 449.32 441.07 282.62 445.70 556.78 292.89 722.47 904.59 268.38 922.43 664.08 101.17 459.09 977.50 865.98 400.73 259.30 323.19 241.55 597.83 937.98 132.36 172.71 363.94 141.65 295.49 286.61 570.36 123.67 277.70 615.40 0.00 873.14 396.55 492.82 395.43 454.52 401.23 807.85 189.66 605.42 623.58 462.26 823.86 339.92 569.22 721.89 819.77
582.93 379.33 524.06 962.91 958.63 492.26 762.85 887.64 684.00 322.71 731.32 841.77 260.52 985.81 917.73 293.44 525.84 555.60 780.10 174.04 354.35 803.00 842.27 291.94 490.68 540.33 694.19 423.82 606.53 104.12 518.97 181.48 126.11 550.70 188.15 663.42 741.08 762.38 768.65 837.73 563.82 294.21 516.35 396.59 914.72 247.14 934.84 880.30 566.24 327.83 823.67 935.68 515.61 972.43 688.19 804.84 823.43 876.77 873.14 0.00 143.47 408.07 849.02 994.58 996.23 131.18 721.30 658.34 158.51 377.22 570.21 431.53 477.24 225.47 378.97
307.75 358.73 147.55 950.90 376.89 968.63 971.36 959.84 155.63 596.17 664.68 641.86 408.02 585.89 331.39 293.92 812.13 267.93 679.77 674.54 845.65 131.52 243.22 971.11 966.12 439.14 519.95 904.24 807.34 133.85 794.40 265.85 658.15 962.18 600.13 602.27 210.46 200.43 591.30 770.24 779.05 559.69 567.12 665.95 223.58 369.31 480.96 604.64 133.62 506.28 522.73 636.41 630.91 912.24 485.68 822.86 284.84 774.75 396.55 143.47 0.00 920.18 834.43 582.30 970.97 359.99 761.73 187.10 620.68 740.52 413.77 179.60 774.00 844.80 391.16
280.71 702.43 261.50 492.54 787.37 466.51 560.79 303.72 719.32 737.04 288.89 555.46 851.22 382.10 231.55 371.31 133.69 603.44 458.25 117.89 303.16 554.53 732.29 625.40 969.63 113.00 474.78 740.81 691.30 693.18 721.57 684.51 108.10 347.22 252.79 442.98 896.78 274.98 792.30 755.17 337.48 987.20 102.14 138.49 966.83 517.23 561.97 116.00 168.10 134.19 907.01 865.07 386.66 536.85 205.59 503.68 694.36 499.98 492.82 408.07 920.18 0.00 318.30 749.69 598.39 959.06 661.19 907.25 984.34 303.08 453.96 938.96 421.07 179.81 297.85
607.52 805.60 675.22 812.96 322.23 100.17 385.61 835.96 206.48 928.37 787.22 325.04 985.85 891.57 658.29 121.09 219.77 328.53 517.92 472.18 615.08 799.44 798.47 419.58 692.39 590.90 224.79 207.97 823.29 158.74 709.12 448.49 486.45 683.61 379.33 868.94 164.16 666.65 816.05 686.53 760.63 152.68 195.62 781.84 593.01 694.80 831.53 435.13 738.99 795.58 788.63 501.77 522.53 915.44 637.83 493.71 688.92 958.45 395.43 849.02 834.43 318.30 0.00 231.45 843.73 568.98 338.52 157.12 702.43 447.31 905.94 897.08 619.78 345.91 306.70
592.00 904.53 868.91 264.04 521.62 836.92 696.30 640.46 711.97 858.44 863.29 482.90 930.25 650.38 216.70 548.52 845.70 948.03 983.32 470.43 200.79 686.99 273.99 387.49 587.35 870.75 161.75 918.77 633.76 162.52 221.41 350.49 910.40 214.10 510.75 636.02 579.83 388.84 635.59 298.42 154.19 196.67 664.49 685.28 457.60 974.30 817.41 103.30 417.49 355.95 615.14 811.39 813.39 490.34 412.40 104.31 264.68 261.77 454.52 994.58 582.30 749.69 231.45 0.00 731.17 837.37 528.54 342.81 921.39 163.53 413.94 860.03 191.80 406.84 732.64
338.27 233.58 444.46 123.24 452.33 935.02 141.37 245.97 658.10 162.71 305.89 395.52 297.66 626.50 602.15 696.61 836.31 341.39 462.47 391.06 783.12 984.74 752.36 965.22 158.10 583.85 759.16 257.89 572.61 812.17 746.11 266.35 632.38 966.22 762.64 572.41 659.65 200.75 166.73 902.97 483.65 468.60 124.95 131.69 685.73 741.25 704.54 654.81 159.52 381.06 121.52 214.05 979.10 199.51 685.49 990.84 395.97 487.34 401.23 996.23 970.97 598.39 843.73 731.17 0.00 451.65 314.75 520.42 237.63 337.97 591.05 560.20 258.59 415.65 969.46
982.13 423.25 979.15 836.19 129.16 619.13 718.25 337.11 542.94 618.44 353.22 929.85 501.13 666.58 346.40 510.99 896.59 470.21 831.37 635.64 605.50 992.65 771.68 876.63 275.35 954.13 410.69 989.85 260.11 731.96 326.48 500.68 816.76 470.95 399.27 751.25 181.23 790.31 716.50 656.90 853.42 825.99 502.19 736.61 278.72 748.12 170.99 513.82 809.01 357.24 173.96 313.15 565.77 391.54 756.05 261.54 685.08 444.94 807.85 131.18 359.99 959.06 568.98 837.37 451.65 0.00 652.17 409.29 632.30 906.03 883.39 532.08 399.11 171.84 299.90
785.80 308.19 290.57 750.73 814.64 523.87 852.09 283.28 944.18 558.72 552.90 837.82 772.86 110.15 821.53 500.81 461.91 141.10 668.30 281.08 365.79 333.82 465.69 786.21 856.99 715.48 162.01 380.42 450.42 983.42 798.93 760.85 260.60 937.95 967.74 444.82 545.69 891.12 995.40 281.13 635.48 307.75 869.58 261.46 644.18 246.63 349.69 104.90 694.95 267.41 791.72 139.93 338.13 212.87 545.95 984.32 665.75 786.79 189.66 721.30 761.73 661.19 338.52 528.54 314.75 652.17 0.00 213.60 131.90 309.22 604.74 292.26 830.53 142.88 804.00
774.46 599.91 602.65 744.84 224.76 449.35 161.48 181.83 616.19 193.66 862.80 232.66 726.81 828.03 856.00 301.19 866.16 779.06 499.88 197.40 346.99 803.93 162.97 415.68 129.33 605.22 306.22 947.69 274.78 259.79 265.29 830.05 900.06 673.78 308.04 223.56 940.44 443.88 577.60 752.41 181.95 551.02 890.61 348.25 132.29 299.11 846.29 781.33 803.12 148.22 591.84 923.00 117.54 116.88 279.70 946.38 493.05 295.57 605.42 658.34 187.10 907.25 157.12 342.81 520.42 409.29 213.60 0.00 878.49 799.79 972.52 323.44 510.79 996.78 632.35
865.66 480.46 468.53 535.87 370.90 849.77 821.60 946.29 493.61 527.00 794.66 810.94 744.40 254.26 914.85 475.63 354.98 149.97 259.43 258.78 188.70 285.59 269.68 847.55 231.45 552.34 386.02 412.01 526.38 427.31 439.72 525.42 221.85 994.90 660.94 261.46 450.07 108.82 413.89 117.16 711.39 847.42 394.48 707.64 419.47 860.22 729.10 496.88 462.20 550.31 442.75 297.05 594.76 571.43 843.95 957.84 539.20 933.57 623.58 158.51 620.68 984.34 702.43 921.39 237.63 632.30 131.90 878.49 0.00 428.69 180.28 993.17 799.28 283.35 693.34
115.29 165.82 527.66 660.38 715.46 571.30 379.58 636.31 792.21 182.71 346.51 242.00 996.46 222.31 245.02 616.38 922.79 934.45 455.50 130.11 290.48 803.66 123.01 766.17 775.01 253.45 317.55 992.96 254.87 950.66 515.50 822.52 806.59 247.93 634.77 820.09 615.06 116.57 780.45 422.30 743.04 185.97 837.07 325.30 967.80 474.92 134.67 120.20 808.31 991.62 154.70 573.17 521.45 192.49 900.71 279.66 210.92 778.58 462.26 377.22 740.52 303.08 447.31 163.53 337.97 906.03 309.22 799.79 428.69 0.00 439.05 765.84 589.44 138.58 724.87
227.27 614.12 329.40 677.22 412.22 597.80 833.71 146.03 219.27 225.19 263.64 412.83 311.62 215.38 682.21 919.45 724.72 742.04 531.68 186.03 758.56 245.79 137.54 976.93 444.05 240.84 780.61 345.93 438.39 989.40 546.69 716.98 263.82 409.45 787.62 890.89 973.42 774.84 516.50 193.21 163.96 861.61 709.44 600.85 759.64 253.22 627.79 737.37 634.53 452.83 720.92 356.51 337.84 227.88 462.39 126.57 233.61 990.94 823.86 570.21 413.77 453.96 905.94 413.94 591.05 883.39 604.74 972.52 180.28 439.05 0.00 951.24 605.97 659.00 188.83
988.09 305.16 395.36 773.05 461.05 423.99 562.65 140.15 478.02 772.35 464.37 945.46 742.05 162.33 670.62 457.48 689.73 516.59 756.45 573.91 159.54 201.08 353.93 951.12 285.17 176.94 540.15 670.38 599.06 316.53 211.34 914.94 709.82 331.76 378.42 303.00 196.30 115.51 425.21 775.55 886.34 255.30 169.98 190.56 133.10 451.68 654.77 480.92 582.00 625.37 388.75 324.35 775.31 892.51 932.26 353.24 505.34 421.94 339.92 431.53 179.60 938.96 897.08 860.03 560.20 532.08 292.26 323.44 993.17 765.84 951.24 0.00 809.10 560.16 982.03
429.79 464.26 326.05 271.62 612.03 632.78 599.44 310.22 473.86 849.45 329.57 880.22 831.99 717.94 399.71 453.05 482.00 686.74 577.23 742.70 986.50 500.21 781.18 299.02 490.14 266.06 412.85 548.88 877.41 531.47 733.21 101.46 970.59 633.13 236.76 291.27 766.95 855.66 313.59 358.52 684.82 739.98 745.81 331.56 990.03 843.97 765.10 625.96 435.34 842.70 693.47 642.45 602.85 883.47 164.33 853.96 728.18 860.13 569.22 477.24 774.00 421.07 619.78 191.80 258.59 399.11 830.53 510.79 799.28 589.44 605.97 809.10 0.00 379.90 880.31
413.85 673.72 919.91 703.78 874.46 516.10 314.72 105.78 217.18 686.05 948.81 362.03 943.25 690.52 188.73 363.46 850.11 134.34 697.51 308.98 276.71 791.88 135.85 498.35 490.74 196.00 607.58 431.50 796.54 455.21 824.65 183.56 689.27 519.35 832.92 676.21 557.92 290.24 558.68 920.98 109.30 849.54 996.97 583.01 179.91 681.49 795.18 678.80 209.59 301.10 369.71 931.06 326.51 537.96 660.55 612.31 449.97 672.41 721.89 225.47 844.80 179.81 345.91 406.84 415.65 171.84 142.88 996.78 283.35 138.58 659.00 560.16 379.90 0.00 993.48
345.10 197.88 824.23 419.46 197.82 333.97 188.36 262.17 323.55 173.73 886.32 261.73 941.45 742.33 106.27 994.44 904.77 127.11 725.69 839.56 738.71 359.69 475.09 436.39 149.71 728.90 488.53 276.86 280.88 764.41 323.17 112.72 404.14 314.10 588.57 187.92 894.91 728.31 307.42 472.64 899.06 370.34 206.28 289.89 464.51 848.08 477.46 632.21 122.86 661.89 127.28 245.45 460.55 496.83 115.04 537.56 176.47 138.88 819.77 378.97 391.16 297.85 306.70 732.64 969.46 299.90 804.00 632.35 693.34 724.87 188.83 982.03 880.31 993.48 0.00